{
 "cells": [
  {
   "cell_type": "code",
   "execution_count": 1,
   "id": "b3d1be72-8122-451e-9b28-6b6295c225d0",
   "metadata": {},
   "outputs": [],
   "source": [
    "import numpy as np\n",
    "import pandas as pd"
   ]
  },
  {
   "cell_type": "code",
   "execution_count": 2,
   "id": "895ebf1f-265b-4bf5-a0a2-870d71427874",
   "metadata": {},
   "outputs": [],
   "source": [
    "dict1 = {\n",
    "    \"name\":['rk','sussu','pk','baba'],\n",
    "    \"marks\":[81,65,72,55],\n",
    "    \"city\":[\"Janjgir\",\"Ambikapur\",\"Durg\",\"Bilaspur\"]\n",
    "}"
   ]
  },
  {
   "cell_type": "code",
   "execution_count": 3,
   "id": "f0cf6744-c016-40ac-81d6-31d968d68c50",
   "metadata": {},
   "outputs": [],
   "source": [
    "df = pd.DataFrame(dict1)"
   ]
  },
  {
   "cell_type": "code",
   "execution_count": 4,
   "id": "ef185358-4457-465c-9035-d77ad1622376",
   "metadata": {},
   "outputs": [
    {
     "data": {
      "text/html": [
       "<div>\n",
       "<style scoped>\n",
       "    .dataframe tbody tr th:only-of-type {\n",
       "        vertical-align: middle;\n",
       "    }\n",
       "\n",
       "    .dataframe tbody tr th {\n",
       "        vertical-align: top;\n",
       "    }\n",
       "\n",
       "    .dataframe thead th {\n",
       "        text-align: right;\n",
       "    }\n",
       "</style>\n",
       "<table border=\"1\" class=\"dataframe\">\n",
       "  <thead>\n",
       "    <tr style=\"text-align: right;\">\n",
       "      <th></th>\n",
       "      <th>name</th>\n",
       "      <th>marks</th>\n",
       "      <th>city</th>\n",
       "    </tr>\n",
       "  </thead>\n",
       "  <tbody>\n",
       "    <tr>\n",
       "      <th>0</th>\n",
       "      <td>rk</td>\n",
       "      <td>81</td>\n",
       "      <td>Janjgir</td>\n",
       "    </tr>\n",
       "    <tr>\n",
       "      <th>1</th>\n",
       "      <td>sussu</td>\n",
       "      <td>65</td>\n",
       "      <td>Ambikapur</td>\n",
       "    </tr>\n",
       "    <tr>\n",
       "      <th>2</th>\n",
       "      <td>pk</td>\n",
       "      <td>72</td>\n",
       "      <td>Durg</td>\n",
       "    </tr>\n",
       "    <tr>\n",
       "      <th>3</th>\n",
       "      <td>baba</td>\n",
       "      <td>55</td>\n",
       "      <td>Bilaspur</td>\n",
       "    </tr>\n",
       "  </tbody>\n",
       "</table>\n",
       "</div>"
      ],
      "text/plain": [
       "    name  marks       city\n",
       "0     rk     81    Janjgir\n",
       "1  sussu     65  Ambikapur\n",
       "2     pk     72       Durg\n",
       "3   baba     55   Bilaspur"
      ]
     },
     "execution_count": 4,
     "metadata": {},
     "output_type": "execute_result"
    }
   ],
   "source": [
    "df"
   ]
  },
  {
   "cell_type": "code",
   "execution_count": 5,
   "id": "04adc5be-b28f-4716-a222-85b5353fb140",
   "metadata": {},
   "outputs": [],
   "source": [
    "df.to_csv('friends.csv')"
   ]
  },
  {
   "cell_type": "code",
   "execution_count": 6,
   "id": "f2614ae8-bfba-45f5-b457-24be816cbf79",
   "metadata": {},
   "outputs": [],
   "source": [
    "df.to_csv('friends_indexFalse.csv', index=False)"
   ]
  },
  {
   "cell_type": "code",
   "execution_count": 7,
   "id": "af9667e1-03f7-4e4c-95e6-7e1aa50f0de7",
   "metadata": {},
   "outputs": [
    {
     "data": {
      "text/html": [
       "<div>\n",
       "<style scoped>\n",
       "    .dataframe tbody tr th:only-of-type {\n",
       "        vertical-align: middle;\n",
       "    }\n",
       "\n",
       "    .dataframe tbody tr th {\n",
       "        vertical-align: top;\n",
       "    }\n",
       "\n",
       "    .dataframe thead th {\n",
       "        text-align: right;\n",
       "    }\n",
       "</style>\n",
       "<table border=\"1\" class=\"dataframe\">\n",
       "  <thead>\n",
       "    <tr style=\"text-align: right;\">\n",
       "      <th></th>\n",
       "      <th>name</th>\n",
       "      <th>marks</th>\n",
       "      <th>city</th>\n",
       "    </tr>\n",
       "  </thead>\n",
       "  <tbody>\n",
       "    <tr>\n",
       "      <th>0</th>\n",
       "      <td>rk</td>\n",
       "      <td>81</td>\n",
       "      <td>Janjgir</td>\n",
       "    </tr>\n",
       "    <tr>\n",
       "      <th>1</th>\n",
       "      <td>sussu</td>\n",
       "      <td>65</td>\n",
       "      <td>Ambikapur</td>\n",
       "    </tr>\n",
       "  </tbody>\n",
       "</table>\n",
       "</div>"
      ],
      "text/plain": [
       "    name  marks       city\n",
       "0     rk     81    Janjgir\n",
       "1  sussu     65  Ambikapur"
      ]
     },
     "execution_count": 7,
     "metadata": {},
     "output_type": "execute_result"
    }
   ],
   "source": [
    "df.head(2)"
   ]
  },
  {
   "cell_type": "code",
   "execution_count": 8,
   "id": "14ec2029-c09f-4b18-af58-b8712f641e69",
   "metadata": {},
   "outputs": [
    {
     "data": {
      "text/html": [
       "<div>\n",
       "<style scoped>\n",
       "    .dataframe tbody tr th:only-of-type {\n",
       "        vertical-align: middle;\n",
       "    }\n",
       "\n",
       "    .dataframe tbody tr th {\n",
       "        vertical-align: top;\n",
       "    }\n",
       "\n",
       "    .dataframe thead th {\n",
       "        text-align: right;\n",
       "    }\n",
       "</style>\n",
       "<table border=\"1\" class=\"dataframe\">\n",
       "  <thead>\n",
       "    <tr style=\"text-align: right;\">\n",
       "      <th></th>\n",
       "      <th>name</th>\n",
       "      <th>marks</th>\n",
       "      <th>city</th>\n",
       "    </tr>\n",
       "  </thead>\n",
       "  <tbody>\n",
       "    <tr>\n",
       "      <th>0</th>\n",
       "      <td>rk</td>\n",
       "      <td>81</td>\n",
       "      <td>Janjgir</td>\n",
       "    </tr>\n",
       "    <tr>\n",
       "      <th>1</th>\n",
       "      <td>sussu</td>\n",
       "      <td>65</td>\n",
       "      <td>Ambikapur</td>\n",
       "    </tr>\n",
       "    <tr>\n",
       "      <th>2</th>\n",
       "      <td>pk</td>\n",
       "      <td>72</td>\n",
       "      <td>Durg</td>\n",
       "    </tr>\n",
       "    <tr>\n",
       "      <th>3</th>\n",
       "      <td>baba</td>\n",
       "      <td>55</td>\n",
       "      <td>Bilaspur</td>\n",
       "    </tr>\n",
       "  </tbody>\n",
       "</table>\n",
       "</div>"
      ],
      "text/plain": [
       "    name  marks       city\n",
       "0     rk     81    Janjgir\n",
       "1  sussu     65  Ambikapur\n",
       "2     pk     72       Durg\n",
       "3   baba     55   Bilaspur"
      ]
     },
     "execution_count": 8,
     "metadata": {},
     "output_type": "execute_result"
    }
   ],
   "source": [
    "df.tail(4)"
   ]
  },
  {
   "cell_type": "code",
   "execution_count": 9,
   "id": "60e75537-08ff-4dac-b771-1e8d9de3ebd3",
   "metadata": {},
   "outputs": [
    {
     "data": {
      "text/plain": [
       "0       rk\n",
       "1    sussu\n",
       "2       pk\n",
       "3     baba\n",
       "Name: name, dtype: object"
      ]
     },
     "execution_count": 9,
     "metadata": {},
     "output_type": "execute_result"
    }
   ],
   "source": [
    "df['name']\n"
   ]
  },
  {
   "cell_type": "code",
   "execution_count": 10,
   "id": "92790dbc-05d4-45dc-8cfe-5ad3cb497f00",
   "metadata": {},
   "outputs": [
    {
     "data": {
      "text/html": [
       "<div>\n",
       "<style scoped>\n",
       "    .dataframe tbody tr th:only-of-type {\n",
       "        vertical-align: middle;\n",
       "    }\n",
       "\n",
       "    .dataframe tbody tr th {\n",
       "        vertical-align: top;\n",
       "    }\n",
       "\n",
       "    .dataframe thead th {\n",
       "        text-align: right;\n",
       "    }\n",
       "</style>\n",
       "<table border=\"1\" class=\"dataframe\">\n",
       "  <thead>\n",
       "    <tr style=\"text-align: right;\">\n",
       "      <th></th>\n",
       "      <th>Unnamed: 0</th>\n",
       "      <th>Name</th>\n",
       "      <th>Dept</th>\n",
       "      <th>Sem</th>\n",
       "    </tr>\n",
       "  </thead>\n",
       "  <tbody>\n",
       "    <tr>\n",
       "      <th>0</th>\n",
       "      <td>0</td>\n",
       "      <td>rk</td>\n",
       "      <td>cse</td>\n",
       "      <td>5</td>\n",
       "    </tr>\n",
       "    <tr>\n",
       "      <th>1</th>\n",
       "      <td>1</td>\n",
       "      <td>ck</td>\n",
       "      <td>civil</td>\n",
       "      <td>5</td>\n",
       "    </tr>\n",
       "    <tr>\n",
       "      <th>2</th>\n",
       "      <td>2</td>\n",
       "      <td>aryan</td>\n",
       "      <td>mining</td>\n",
       "      <td>5</td>\n",
       "    </tr>\n",
       "  </tbody>\n",
       "</table>\n",
       "</div>"
      ],
      "text/plain": [
       "   Unnamed: 0   Name    Dept  Sem\n",
       "0           0     rk     cse    5\n",
       "1           1     ck   civil    5\n",
       "2           2  aryan  mining    5"
      ]
     },
     "execution_count": 10,
     "metadata": {},
     "output_type": "execute_result"
    }
   ],
   "source": [
    "rk = pd.read_csv('test.csv')\n",
    "rk"
   ]
  },
  {
   "cell_type": "code",
   "execution_count": 11,
   "id": "bf653d95-951f-4779-805d-730644ea762a",
   "metadata": {},
   "outputs": [
    {
     "data": {
      "text/plain": [
       "0       rk\n",
       "1       ck\n",
       "2    aryan\n",
       "Name: Name, dtype: object"
      ]
     },
     "execution_count": 11,
     "metadata": {},
     "output_type": "execute_result"
    }
   ],
   "source": [
    "rk['Name']"
   ]
  },
  {
   "cell_type": "code",
   "execution_count": 12,
   "id": "c7e73369-7cac-4476-b92a-e6db1c75c835",
   "metadata": {},
   "outputs": [
    {
     "name": "stderr",
     "output_type": "stream",
     "text": [
      "/tmp/ipykernel_3754/603807964.py:1: SettingWithCopyWarning: \n",
      "A value is trying to be set on a copy of a slice from a DataFrame\n",
      "\n",
      "See the caveats in the documentation: https://pandas.pydata.org/pandas-docs/stable/user_guide/indexing.html#returning-a-view-versus-a-copy\n",
      "  rk['Name'][3] = 'aryan'\n"
     ]
    }
   ],
   "source": [
    "rk['Name'][3] = 'aryan'"
   ]
  },
  {
   "cell_type": "code",
   "execution_count": 13,
   "id": "c6d5ff23-92c4-4e51-b04e-9db3e2634e21",
   "metadata": {},
   "outputs": [],
   "source": [
    "rk.to_csv('test.csv')"
   ]
  },
  {
   "cell_type": "code",
   "execution_count": 14,
   "id": "81b60852-5c7d-41e7-a4df-a67bb8a633ae",
   "metadata": {},
   "outputs": [
    {
     "data": {
      "text/html": [
       "<div>\n",
       "<style scoped>\n",
       "    .dataframe tbody tr th:only-of-type {\n",
       "        vertical-align: middle;\n",
       "    }\n",
       "\n",
       "    .dataframe tbody tr th {\n",
       "        vertical-align: top;\n",
       "    }\n",
       "\n",
       "    .dataframe thead th {\n",
       "        text-align: right;\n",
       "    }\n",
       "</style>\n",
       "<table border=\"1\" class=\"dataframe\">\n",
       "  <thead>\n",
       "    <tr style=\"text-align: right;\">\n",
       "      <th></th>\n",
       "      <th>Unnamed: 0</th>\n",
       "      <th>Name</th>\n",
       "      <th>Dept</th>\n",
       "      <th>Sem</th>\n",
       "    </tr>\n",
       "  </thead>\n",
       "  <tbody>\n",
       "    <tr>\n",
       "      <th>first</th>\n",
       "      <td>0</td>\n",
       "      <td>rk</td>\n",
       "      <td>cse</td>\n",
       "      <td>5</td>\n",
       "    </tr>\n",
       "    <tr>\n",
       "      <th>second</th>\n",
       "      <td>1</td>\n",
       "      <td>ck</td>\n",
       "      <td>civil</td>\n",
       "      <td>5</td>\n",
       "    </tr>\n",
       "    <tr>\n",
       "      <th>third</th>\n",
       "      <td>2</td>\n",
       "      <td>aryan</td>\n",
       "      <td>mining</td>\n",
       "      <td>5</td>\n",
       "    </tr>\n",
       "  </tbody>\n",
       "</table>\n",
       "</div>"
      ],
      "text/plain": [
       "        Unnamed: 0   Name    Dept  Sem\n",
       "first            0     rk     cse    5\n",
       "second           1     ck   civil    5\n",
       "third            2  aryan  mining    5"
      ]
     },
     "execution_count": 14,
     "metadata": {},
     "output_type": "execute_result"
    }
   ],
   "source": [
    "rk.index = ['first','second','third']\n",
    "rk"
   ]
  },
  {
   "cell_type": "code",
   "execution_count": 15,
   "id": "30212660-4670-4856-b132-f7e9032368d4",
   "metadata": {},
   "outputs": [
    {
     "data": {
      "text/plain": [
       "0     0.517410\n",
       "1     0.498209\n",
       "2     0.326405\n",
       "3     0.962919\n",
       "4     0.541341\n",
       "5     0.192907\n",
       "6     0.471501\n",
       "7     0.802572\n",
       "8     0.744500\n",
       "9     0.132018\n",
       "10    0.159557\n",
       "11    0.995008\n",
       "12    0.732727\n",
       "13    0.869786\n",
       "14    0.454621\n",
       "15    0.495973\n",
       "16    0.141095\n",
       "17    0.504485\n",
       "18    0.326003\n",
       "19    0.574776\n",
       "20    0.019892\n",
       "21    0.092732\n",
       "22    0.390101\n",
       "23    0.903600\n",
       "24    0.677835\n",
       "25    0.682869\n",
       "26    0.653593\n",
       "27    0.607505\n",
       "28    0.476665\n",
       "29    0.648019\n",
       "dtype: float64"
      ]
     },
     "execution_count": 15,
     "metadata": {},
     "output_type": "execute_result"
    }
   ],
   "source": [
    "ser = pd.Series(np.random.rand(30))\n",
    "ser"
   ]
  },
  {
   "cell_type": "code",
   "execution_count": 16,
   "id": "009a2c31-b626-4f38-aeb7-2bb40af5be8e",
   "metadata": {},
   "outputs": [
    {
     "data": {
      "text/html": [
       "<div>\n",
       "<style scoped>\n",
       "    .dataframe tbody tr th:only-of-type {\n",
       "        vertical-align: middle;\n",
       "    }\n",
       "\n",
       "    .dataframe tbody tr th {\n",
       "        vertical-align: top;\n",
       "    }\n",
       "\n",
       "    .dataframe thead th {\n",
       "        text-align: right;\n",
       "    }\n",
       "</style>\n",
       "<table border=\"1\" class=\"dataframe\">\n",
       "  <thead>\n",
       "    <tr style=\"text-align: right;\">\n",
       "      <th></th>\n",
       "      <th>0</th>\n",
       "      <th>1</th>\n",
       "      <th>2</th>\n",
       "      <th>3</th>\n",
       "      <th>4</th>\n",
       "    </tr>\n",
       "  </thead>\n",
       "  <tbody>\n",
       "    <tr>\n",
       "      <th>0</th>\n",
       "      <td>0.714354</td>\n",
       "      <td>0.729891</td>\n",
       "      <td>0.151588</td>\n",
       "      <td>0.711455</td>\n",
       "      <td>0.527493</td>\n",
       "    </tr>\n",
       "    <tr>\n",
       "      <th>1</th>\n",
       "      <td>0.422698</td>\n",
       "      <td>0.561870</td>\n",
       "      <td>0.927325</td>\n",
       "      <td>0.421460</td>\n",
       "      <td>0.116635</td>\n",
       "    </tr>\n",
       "    <tr>\n",
       "      <th>2</th>\n",
       "      <td>0.166452</td>\n",
       "      <td>0.808056</td>\n",
       "      <td>0.040437</td>\n",
       "      <td>0.949791</td>\n",
       "      <td>0.793192</td>\n",
       "    </tr>\n",
       "    <tr>\n",
       "      <th>3</th>\n",
       "      <td>0.143549</td>\n",
       "      <td>0.207871</td>\n",
       "      <td>0.969251</td>\n",
       "      <td>0.387767</td>\n",
       "      <td>0.010997</td>\n",
       "    </tr>\n",
       "    <tr>\n",
       "      <th>4</th>\n",
       "      <td>0.951382</td>\n",
       "      <td>0.429784</td>\n",
       "      <td>0.274234</td>\n",
       "      <td>0.486253</td>\n",
       "      <td>0.550341</td>\n",
       "    </tr>\n",
       "    <tr>\n",
       "      <th>...</th>\n",
       "      <td>...</td>\n",
       "      <td>...</td>\n",
       "      <td>...</td>\n",
       "      <td>...</td>\n",
       "      <td>...</td>\n",
       "    </tr>\n",
       "    <tr>\n",
       "      <th>329</th>\n",
       "      <td>0.795013</td>\n",
       "      <td>0.901160</td>\n",
       "      <td>0.412175</td>\n",
       "      <td>0.688541</td>\n",
       "      <td>0.190794</td>\n",
       "    </tr>\n",
       "    <tr>\n",
       "      <th>330</th>\n",
       "      <td>0.837323</td>\n",
       "      <td>0.330837</td>\n",
       "      <td>0.775203</td>\n",
       "      <td>0.400135</td>\n",
       "      <td>0.214976</td>\n",
       "    </tr>\n",
       "    <tr>\n",
       "      <th>331</th>\n",
       "      <td>0.812512</td>\n",
       "      <td>0.077030</td>\n",
       "      <td>0.773762</td>\n",
       "      <td>0.015352</td>\n",
       "      <td>0.179690</td>\n",
       "    </tr>\n",
       "    <tr>\n",
       "      <th>332</th>\n",
       "      <td>0.045349</td>\n",
       "      <td>0.513492</td>\n",
       "      <td>0.154153</td>\n",
       "      <td>0.601760</td>\n",
       "      <td>0.461497</td>\n",
       "    </tr>\n",
       "    <tr>\n",
       "      <th>333</th>\n",
       "      <td>0.737804</td>\n",
       "      <td>0.273582</td>\n",
       "      <td>0.290579</td>\n",
       "      <td>0.962377</td>\n",
       "      <td>0.144848</td>\n",
       "    </tr>\n",
       "  </tbody>\n",
       "</table>\n",
       "<p>334 rows × 5 columns</p>\n",
       "</div>"
      ],
      "text/plain": [
       "            0         1         2         3         4\n",
       "0    0.714354  0.729891  0.151588  0.711455  0.527493\n",
       "1    0.422698  0.561870  0.927325  0.421460  0.116635\n",
       "2    0.166452  0.808056  0.040437  0.949791  0.793192\n",
       "3    0.143549  0.207871  0.969251  0.387767  0.010997\n",
       "4    0.951382  0.429784  0.274234  0.486253  0.550341\n",
       "..        ...       ...       ...       ...       ...\n",
       "329  0.795013  0.901160  0.412175  0.688541  0.190794\n",
       "330  0.837323  0.330837  0.775203  0.400135  0.214976\n",
       "331  0.812512  0.077030  0.773762  0.015352  0.179690\n",
       "332  0.045349  0.513492  0.154153  0.601760  0.461497\n",
       "333  0.737804  0.273582  0.290579  0.962377  0.144848\n",
       "\n",
       "[334 rows x 5 columns]"
      ]
     },
     "execution_count": 16,
     "metadata": {},
     "output_type": "execute_result"
    }
   ],
   "source": [
    "newdf = pd.DataFrame(np.random.rand(334,5), index  = np.arange(334))\n",
    "newdf"
   ]
  },
  {
   "cell_type": "code",
   "execution_count": 19,
   "id": "88b295d6-941d-4a55-8fa4-8262a569c9e6",
   "metadata": {},
   "outputs": [
    {
     "data": {
      "text/html": [
       "<div>\n",
       "<style scoped>\n",
       "    .dataframe tbody tr th:only-of-type {\n",
       "        vertical-align: middle;\n",
       "    }\n",
       "\n",
       "    .dataframe tbody tr th {\n",
       "        vertical-align: top;\n",
       "    }\n",
       "\n",
       "    .dataframe thead th {\n",
       "        text-align: right;\n",
       "    }\n",
       "</style>\n",
       "<table border=\"1\" class=\"dataframe\">\n",
       "  <thead>\n",
       "    <tr style=\"text-align: right;\">\n",
       "      <th></th>\n",
       "      <th>0</th>\n",
       "      <th>1</th>\n",
       "      <th>2</th>\n",
       "      <th>3</th>\n",
       "      <th>4</th>\n",
       "    </tr>\n",
       "  </thead>\n",
       "  <tbody>\n",
       "    <tr>\n",
       "      <th>333</th>\n",
       "      <td>0.737804</td>\n",
       "      <td>0.273582</td>\n",
       "      <td>0.290579</td>\n",
       "      <td>0.962377</td>\n",
       "      <td>0.144848</td>\n",
       "    </tr>\n",
       "    <tr>\n",
       "      <th>332</th>\n",
       "      <td>0.045349</td>\n",
       "      <td>0.513492</td>\n",
       "      <td>0.154153</td>\n",
       "      <td>0.601760</td>\n",
       "      <td>0.461497</td>\n",
       "    </tr>\n",
       "    <tr>\n",
       "      <th>331</th>\n",
       "      <td>0.812512</td>\n",
       "      <td>0.077030</td>\n",
       "      <td>0.773762</td>\n",
       "      <td>0.015352</td>\n",
       "      <td>0.179690</td>\n",
       "    </tr>\n",
       "    <tr>\n",
       "      <th>330</th>\n",
       "      <td>0.837323</td>\n",
       "      <td>0.330837</td>\n",
       "      <td>0.775203</td>\n",
       "      <td>0.400135</td>\n",
       "      <td>0.214976</td>\n",
       "    </tr>\n",
       "    <tr>\n",
       "      <th>329</th>\n",
       "      <td>0.795013</td>\n",
       "      <td>0.901160</td>\n",
       "      <td>0.412175</td>\n",
       "      <td>0.688541</td>\n",
       "      <td>0.190794</td>\n",
       "    </tr>\n",
       "    <tr>\n",
       "      <th>...</th>\n",
       "      <td>...</td>\n",
       "      <td>...</td>\n",
       "      <td>...</td>\n",
       "      <td>...</td>\n",
       "      <td>...</td>\n",
       "    </tr>\n",
       "    <tr>\n",
       "      <th>4</th>\n",
       "      <td>0.951382</td>\n",
       "      <td>0.429784</td>\n",
       "      <td>0.274234</td>\n",
       "      <td>0.486253</td>\n",
       "      <td>0.550341</td>\n",
       "    </tr>\n",
       "    <tr>\n",
       "      <th>3</th>\n",
       "      <td>0.143549</td>\n",
       "      <td>0.207871</td>\n",
       "      <td>0.969251</td>\n",
       "      <td>0.387767</td>\n",
       "      <td>0.010997</td>\n",
       "    </tr>\n",
       "    <tr>\n",
       "      <th>2</th>\n",
       "      <td>0.166452</td>\n",
       "      <td>0.808056</td>\n",
       "      <td>0.040437</td>\n",
       "      <td>0.949791</td>\n",
       "      <td>0.793192</td>\n",
       "    </tr>\n",
       "    <tr>\n",
       "      <th>1</th>\n",
       "      <td>0.422698</td>\n",
       "      <td>0.561870</td>\n",
       "      <td>0.927325</td>\n",
       "      <td>0.421460</td>\n",
       "      <td>0.116635</td>\n",
       "    </tr>\n",
       "    <tr>\n",
       "      <th>0</th>\n",
       "      <td>0.714354</td>\n",
       "      <td>0.729891</td>\n",
       "      <td>0.151588</td>\n",
       "      <td>0.711455</td>\n",
       "      <td>0.527493</td>\n",
       "    </tr>\n",
       "  </tbody>\n",
       "</table>\n",
       "<p>334 rows × 5 columns</p>\n",
       "</div>"
      ],
      "text/plain": [
       "            0         1         2         3         4\n",
       "333  0.737804  0.273582  0.290579  0.962377  0.144848\n",
       "332  0.045349  0.513492  0.154153  0.601760  0.461497\n",
       "331  0.812512  0.077030  0.773762  0.015352  0.179690\n",
       "330  0.837323  0.330837  0.775203  0.400135  0.214976\n",
       "329  0.795013  0.901160  0.412175  0.688541  0.190794\n",
       "..        ...       ...       ...       ...       ...\n",
       "4    0.951382  0.429784  0.274234  0.486253  0.550341\n",
       "3    0.143549  0.207871  0.969251  0.387767  0.010997\n",
       "2    0.166452  0.808056  0.040437  0.949791  0.793192\n",
       "1    0.422698  0.561870  0.927325  0.421460  0.116635\n",
       "0    0.714354  0.729891  0.151588  0.711455  0.527493\n",
       "\n",
       "[334 rows x 5 columns]"
      ]
     },
     "execution_count": 19,
     "metadata": {},
     "output_type": "execute_result"
    }
   ],
   "source": [
    "newdf.sort_index(axis = 0,ascending = False)"
   ]
  },
  {
   "cell_type": "code",
   "execution_count": 20,
   "id": "6fec7296-03c9-4968-9a93-2ac44aeecbdc",
   "metadata": {},
   "outputs": [
    {
     "data": {
      "text/html": [
       "<div>\n",
       "<style scoped>\n",
       "    .dataframe tbody tr th:only-of-type {\n",
       "        vertical-align: middle;\n",
       "    }\n",
       "\n",
       "    .dataframe tbody tr th {\n",
       "        vertical-align: top;\n",
       "    }\n",
       "\n",
       "    .dataframe thead th {\n",
       "        text-align: right;\n",
       "    }\n",
       "</style>\n",
       "<table border=\"1\" class=\"dataframe\">\n",
       "  <thead>\n",
       "    <tr style=\"text-align: right;\">\n",
       "      <th></th>\n",
       "      <th>4</th>\n",
       "      <th>3</th>\n",
       "      <th>2</th>\n",
       "      <th>1</th>\n",
       "      <th>0</th>\n",
       "    </tr>\n",
       "  </thead>\n",
       "  <tbody>\n",
       "    <tr>\n",
       "      <th>0</th>\n",
       "      <td>0.527493</td>\n",
       "      <td>0.711455</td>\n",
       "      <td>0.151588</td>\n",
       "      <td>0.729891</td>\n",
       "      <td>0.714354</td>\n",
       "    </tr>\n",
       "    <tr>\n",
       "      <th>1</th>\n",
       "      <td>0.116635</td>\n",
       "      <td>0.421460</td>\n",
       "      <td>0.927325</td>\n",
       "      <td>0.561870</td>\n",
       "      <td>0.422698</td>\n",
       "    </tr>\n",
       "    <tr>\n",
       "      <th>2</th>\n",
       "      <td>0.793192</td>\n",
       "      <td>0.949791</td>\n",
       "      <td>0.040437</td>\n",
       "      <td>0.808056</td>\n",
       "      <td>0.166452</td>\n",
       "    </tr>\n",
       "    <tr>\n",
       "      <th>3</th>\n",
       "      <td>0.010997</td>\n",
       "      <td>0.387767</td>\n",
       "      <td>0.969251</td>\n",
       "      <td>0.207871</td>\n",
       "      <td>0.143549</td>\n",
       "    </tr>\n",
       "    <tr>\n",
       "      <th>4</th>\n",
       "      <td>0.550341</td>\n",
       "      <td>0.486253</td>\n",
       "      <td>0.274234</td>\n",
       "      <td>0.429784</td>\n",
       "      <td>0.951382</td>\n",
       "    </tr>\n",
       "    <tr>\n",
       "      <th>...</th>\n",
       "      <td>...</td>\n",
       "      <td>...</td>\n",
       "      <td>...</td>\n",
       "      <td>...</td>\n",
       "      <td>...</td>\n",
       "    </tr>\n",
       "    <tr>\n",
       "      <th>329</th>\n",
       "      <td>0.190794</td>\n",
       "      <td>0.688541</td>\n",
       "      <td>0.412175</td>\n",
       "      <td>0.901160</td>\n",
       "      <td>0.795013</td>\n",
       "    </tr>\n",
       "    <tr>\n",
       "      <th>330</th>\n",
       "      <td>0.214976</td>\n",
       "      <td>0.400135</td>\n",
       "      <td>0.775203</td>\n",
       "      <td>0.330837</td>\n",
       "      <td>0.837323</td>\n",
       "    </tr>\n",
       "    <tr>\n",
       "      <th>331</th>\n",
       "      <td>0.179690</td>\n",
       "      <td>0.015352</td>\n",
       "      <td>0.773762</td>\n",
       "      <td>0.077030</td>\n",
       "      <td>0.812512</td>\n",
       "    </tr>\n",
       "    <tr>\n",
       "      <th>332</th>\n",
       "      <td>0.461497</td>\n",
       "      <td>0.601760</td>\n",
       "      <td>0.154153</td>\n",
       "      <td>0.513492</td>\n",
       "      <td>0.045349</td>\n",
       "    </tr>\n",
       "    <tr>\n",
       "      <th>333</th>\n",
       "      <td>0.144848</td>\n",
       "      <td>0.962377</td>\n",
       "      <td>0.290579</td>\n",
       "      <td>0.273582</td>\n",
       "      <td>0.737804</td>\n",
       "    </tr>\n",
       "  </tbody>\n",
       "</table>\n",
       "<p>334 rows × 5 columns</p>\n",
       "</div>"
      ],
      "text/plain": [
       "            4         3         2         1         0\n",
       "0    0.527493  0.711455  0.151588  0.729891  0.714354\n",
       "1    0.116635  0.421460  0.927325  0.561870  0.422698\n",
       "2    0.793192  0.949791  0.040437  0.808056  0.166452\n",
       "3    0.010997  0.387767  0.969251  0.207871  0.143549\n",
       "4    0.550341  0.486253  0.274234  0.429784  0.951382\n",
       "..        ...       ...       ...       ...       ...\n",
       "329  0.190794  0.688541  0.412175  0.901160  0.795013\n",
       "330  0.214976  0.400135  0.775203  0.330837  0.837323\n",
       "331  0.179690  0.015352  0.773762  0.077030  0.812512\n",
       "332  0.461497  0.601760  0.154153  0.513492  0.045349\n",
       "333  0.144848  0.962377  0.290579  0.273582  0.737804\n",
       "\n",
       "[334 rows x 5 columns]"
      ]
     },
     "execution_count": 20,
     "metadata": {},
     "output_type": "execute_result"
    }
   ],
   "source": [
    "newdf.sort_index(axis = 1,ascending = False)"
   ]
  },
  {
   "cell_type": "code",
   "execution_count": 21,
   "id": "a6ec2116-a6d9-4a7b-9a0f-f1dfd8f22a4e",
   "metadata": {},
   "outputs": [
    {
     "data": {
      "text/plain": [
       "pandas.core.series.Series"
      ]
     },
     "execution_count": 21,
     "metadata": {},
     "output_type": "execute_result"
    }
   ],
   "source": [
    "type(newdf[0])"
   ]
  },
  {
   "cell_type": "code",
   "execution_count": 22,
   "id": "658a10fd-5f09-47d6-9c2f-0a7490aa74f0",
   "metadata": {},
   "outputs": [
    {
     "data": {
      "text/plain": [
       "pandas.core.frame.DataFrame"
      ]
     },
     "execution_count": 22,
     "metadata": {},
     "output_type": "execute_result"
    }
   ],
   "source": [
    "type(newdf)"
   ]
  },
  {
   "cell_type": "code",
   "execution_count": 23,
   "id": "99be435d-cad5-4e81-b5b5-796e872d1f49",
   "metadata": {},
   "outputs": [
    {
     "data": {
      "text/plain": [
       "pandas.core.frame.DataFrame"
      ]
     },
     "execution_count": 23,
     "metadata": {},
     "output_type": "execute_result"
    }
   ],
   "source": [
    "type(df)"
   ]
  },
  {
   "cell_type": "code",
   "execution_count": 24,
   "id": "22d7fe00-778a-4615-8fa4-c03c56f4e9f9",
   "metadata": {},
   "outputs": [
    {
     "data": {
      "text/plain": [
       "pandas.core.frame.DataFrame"
      ]
     },
     "execution_count": 24,
     "metadata": {},
     "output_type": "execute_result"
    }
   ],
   "source": [
    "type(rk)"
   ]
  },
  {
   "cell_type": "code",
   "execution_count": 28,
   "id": "a1824d8e-c99d-41ec-b922-edb2483e21a5",
   "metadata": {},
   "outputs": [],
   "source": [
    "newdf.columns = list(\"ABCDE\")"
   ]
  },
  {
   "cell_type": "code",
   "execution_count": 29,
   "id": "d30bde43-db39-4d9f-a303-3aa926c9bebf",
   "metadata": {},
   "outputs": [
    {
     "data": {
      "text/html": [
       "<div>\n",
       "<style scoped>\n",
       "    .dataframe tbody tr th:only-of-type {\n",
       "        vertical-align: middle;\n",
       "    }\n",
       "\n",
       "    .dataframe tbody tr th {\n",
       "        vertical-align: top;\n",
       "    }\n",
       "\n",
       "    .dataframe thead th {\n",
       "        text-align: right;\n",
       "    }\n",
       "</style>\n",
       "<table border=\"1\" class=\"dataframe\">\n",
       "  <thead>\n",
       "    <tr style=\"text-align: right;\">\n",
       "      <th></th>\n",
       "      <th>A</th>\n",
       "      <th>B</th>\n",
       "      <th>C</th>\n",
       "      <th>D</th>\n",
       "      <th>E</th>\n",
       "    </tr>\n",
       "  </thead>\n",
       "  <tbody>\n",
       "    <tr>\n",
       "      <th>0</th>\n",
       "      <td>0.714354</td>\n",
       "      <td>0.729891</td>\n",
       "      <td>0.151588</td>\n",
       "      <td>0.711455</td>\n",
       "      <td>0.527493</td>\n",
       "    </tr>\n",
       "    <tr>\n",
       "      <th>1</th>\n",
       "      <td>0.422698</td>\n",
       "      <td>0.561870</td>\n",
       "      <td>0.927325</td>\n",
       "      <td>0.421460</td>\n",
       "      <td>0.116635</td>\n",
       "    </tr>\n",
       "    <tr>\n",
       "      <th>2</th>\n",
       "      <td>0.166452</td>\n",
       "      <td>0.808056</td>\n",
       "      <td>0.040437</td>\n",
       "      <td>0.949791</td>\n",
       "      <td>0.793192</td>\n",
       "    </tr>\n",
       "    <tr>\n",
       "      <th>3</th>\n",
       "      <td>0.143549</td>\n",
       "      <td>0.207871</td>\n",
       "      <td>0.969251</td>\n",
       "      <td>0.387767</td>\n",
       "      <td>0.010997</td>\n",
       "    </tr>\n",
       "    <tr>\n",
       "      <th>4</th>\n",
       "      <td>0.951382</td>\n",
       "      <td>0.429784</td>\n",
       "      <td>0.274234</td>\n",
       "      <td>0.486253</td>\n",
       "      <td>0.550341</td>\n",
       "    </tr>\n",
       "  </tbody>\n",
       "</table>\n",
       "</div>"
      ],
      "text/plain": [
       "          A         B         C         D         E\n",
       "0  0.714354  0.729891  0.151588  0.711455  0.527493\n",
       "1  0.422698  0.561870  0.927325  0.421460  0.116635\n",
       "2  0.166452  0.808056  0.040437  0.949791  0.793192\n",
       "3  0.143549  0.207871  0.969251  0.387767  0.010997\n",
       "4  0.951382  0.429784  0.274234  0.486253  0.550341"
      ]
     },
     "execution_count": 29,
     "metadata": {},
     "output_type": "execute_result"
    }
   ],
   "source": [
    "newdf.head()"
   ]
  },
  {
   "cell_type": "code",
   "execution_count": 30,
   "id": "8f3c7509-4a30-413b-a12a-5b60e0ee673e",
   "metadata": {},
   "outputs": [],
   "source": [
    "newdf.loc[0,0] = 9453"
   ]
  },
  {
   "cell_type": "code",
   "execution_count": 31,
   "id": "fdf1604a-74d7-459e-a0f9-53549276a794",
   "metadata": {},
   "outputs": [
    {
     "data": {
      "text/html": [
       "<div>\n",
       "<style scoped>\n",
       "    .dataframe tbody tr th:only-of-type {\n",
       "        vertical-align: middle;\n",
       "    }\n",
       "\n",
       "    .dataframe tbody tr th {\n",
       "        vertical-align: top;\n",
       "    }\n",
       "\n",
       "    .dataframe thead th {\n",
       "        text-align: right;\n",
       "    }\n",
       "</style>\n",
       "<table border=\"1\" class=\"dataframe\">\n",
       "  <thead>\n",
       "    <tr style=\"text-align: right;\">\n",
       "      <th></th>\n",
       "      <th>A</th>\n",
       "      <th>B</th>\n",
       "      <th>C</th>\n",
       "      <th>D</th>\n",
       "      <th>E</th>\n",
       "      <th>0</th>\n",
       "    </tr>\n",
       "  </thead>\n",
       "  <tbody>\n",
       "    <tr>\n",
       "      <th>0</th>\n",
       "      <td>0.714354</td>\n",
       "      <td>0.729891</td>\n",
       "      <td>0.151588</td>\n",
       "      <td>0.711455</td>\n",
       "      <td>0.527493</td>\n",
       "      <td>9453.0</td>\n",
       "    </tr>\n",
       "    <tr>\n",
       "      <th>1</th>\n",
       "      <td>0.422698</td>\n",
       "      <td>0.561870</td>\n",
       "      <td>0.927325</td>\n",
       "      <td>0.421460</td>\n",
       "      <td>0.116635</td>\n",
       "      <td>NaN</td>\n",
       "    </tr>\n",
       "    <tr>\n",
       "      <th>2</th>\n",
       "      <td>0.166452</td>\n",
       "      <td>0.808056</td>\n",
       "      <td>0.040437</td>\n",
       "      <td>0.949791</td>\n",
       "      <td>0.793192</td>\n",
       "      <td>NaN</td>\n",
       "    </tr>\n",
       "    <tr>\n",
       "      <th>3</th>\n",
       "      <td>0.143549</td>\n",
       "      <td>0.207871</td>\n",
       "      <td>0.969251</td>\n",
       "      <td>0.387767</td>\n",
       "      <td>0.010997</td>\n",
       "      <td>NaN</td>\n",
       "    </tr>\n",
       "    <tr>\n",
       "      <th>4</th>\n",
       "      <td>0.951382</td>\n",
       "      <td>0.429784</td>\n",
       "      <td>0.274234</td>\n",
       "      <td>0.486253</td>\n",
       "      <td>0.550341</td>\n",
       "      <td>NaN</td>\n",
       "    </tr>\n",
       "    <tr>\n",
       "      <th>...</th>\n",
       "      <td>...</td>\n",
       "      <td>...</td>\n",
       "      <td>...</td>\n",
       "      <td>...</td>\n",
       "      <td>...</td>\n",
       "      <td>...</td>\n",
       "    </tr>\n",
       "    <tr>\n",
       "      <th>329</th>\n",
       "      <td>0.795013</td>\n",
       "      <td>0.901160</td>\n",
       "      <td>0.412175</td>\n",
       "      <td>0.688541</td>\n",
       "      <td>0.190794</td>\n",
       "      <td>NaN</td>\n",
       "    </tr>\n",
       "    <tr>\n",
       "      <th>330</th>\n",
       "      <td>0.837323</td>\n",
       "      <td>0.330837</td>\n",
       "      <td>0.775203</td>\n",
       "      <td>0.400135</td>\n",
       "      <td>0.214976</td>\n",
       "      <td>NaN</td>\n",
       "    </tr>\n",
       "    <tr>\n",
       "      <th>331</th>\n",
       "      <td>0.812512</td>\n",
       "      <td>0.077030</td>\n",
       "      <td>0.773762</td>\n",
       "      <td>0.015352</td>\n",
       "      <td>0.179690</td>\n",
       "      <td>NaN</td>\n",
       "    </tr>\n",
       "    <tr>\n",
       "      <th>332</th>\n",
       "      <td>0.045349</td>\n",
       "      <td>0.513492</td>\n",
       "      <td>0.154153</td>\n",
       "      <td>0.601760</td>\n",
       "      <td>0.461497</td>\n",
       "      <td>NaN</td>\n",
       "    </tr>\n",
       "    <tr>\n",
       "      <th>333</th>\n",
       "      <td>0.737804</td>\n",
       "      <td>0.273582</td>\n",
       "      <td>0.290579</td>\n",
       "      <td>0.962377</td>\n",
       "      <td>0.144848</td>\n",
       "      <td>NaN</td>\n",
       "    </tr>\n",
       "  </tbody>\n",
       "</table>\n",
       "<p>334 rows × 6 columns</p>\n",
       "</div>"
      ],
      "text/plain": [
       "            A         B         C         D         E       0\n",
       "0    0.714354  0.729891  0.151588  0.711455  0.527493  9453.0\n",
       "1    0.422698  0.561870  0.927325  0.421460  0.116635     NaN\n",
       "2    0.166452  0.808056  0.040437  0.949791  0.793192     NaN\n",
       "3    0.143549  0.207871  0.969251  0.387767  0.010997     NaN\n",
       "4    0.951382  0.429784  0.274234  0.486253  0.550341     NaN\n",
       "..        ...       ...       ...       ...       ...     ...\n",
       "329  0.795013  0.901160  0.412175  0.688541  0.190794     NaN\n",
       "330  0.837323  0.330837  0.775203  0.400135  0.214976     NaN\n",
       "331  0.812512  0.077030  0.773762  0.015352  0.179690     NaN\n",
       "332  0.045349  0.513492  0.154153  0.601760  0.461497     NaN\n",
       "333  0.737804  0.273582  0.290579  0.962377  0.144848     NaN\n",
       "\n",
       "[334 rows x 6 columns]"
      ]
     },
     "execution_count": 31,
     "metadata": {},
     "output_type": "execute_result"
    }
   ],
   "source": [
    "newdf"
   ]
  },
  {
   "cell_type": "code",
   "execution_count": 32,
   "id": "5e379eab-941c-43dc-882a-557d25f26d21",
   "metadata": {},
   "outputs": [],
   "source": [
    "newdf.loc[0,'A'] = 930928"
   ]
  },
  {
   "cell_type": "code",
   "execution_count": 33,
   "id": "cfa286d4-3351-4287-a21f-5149386e64f8",
   "metadata": {},
   "outputs": [
    {
     "data": {
      "text/html": [
       "<div>\n",
       "<style scoped>\n",
       "    .dataframe tbody tr th:only-of-type {\n",
       "        vertical-align: middle;\n",
       "    }\n",
       "\n",
       "    .dataframe tbody tr th {\n",
       "        vertical-align: top;\n",
       "    }\n",
       "\n",
       "    .dataframe thead th {\n",
       "        text-align: right;\n",
       "    }\n",
       "</style>\n",
       "<table border=\"1\" class=\"dataframe\">\n",
       "  <thead>\n",
       "    <tr style=\"text-align: right;\">\n",
       "      <th></th>\n",
       "      <th>A</th>\n",
       "      <th>B</th>\n",
       "      <th>C</th>\n",
       "      <th>D</th>\n",
       "      <th>E</th>\n",
       "      <th>0</th>\n",
       "    </tr>\n",
       "  </thead>\n",
       "  <tbody>\n",
       "    <tr>\n",
       "      <th>0</th>\n",
       "      <td>930928.000000</td>\n",
       "      <td>0.729891</td>\n",
       "      <td>0.151588</td>\n",
       "      <td>0.711455</td>\n",
       "      <td>0.527493</td>\n",
       "      <td>9453.0</td>\n",
       "    </tr>\n",
       "    <tr>\n",
       "      <th>1</th>\n",
       "      <td>0.422698</td>\n",
       "      <td>0.561870</td>\n",
