{
 "cells": [
  {
   "cell_type": "code",
   "execution_count": 1,
   "id": "b3d1be72-8122-451e-9b28-6b6295c225d0",
   "metadata": {},
   "outputs": [],
   "source": [
    "import numpy as np\n",
    "import pandas as pd"
   ]
  },
  {
   "cell_type": "code",
   "execution_count": 2,
   "id": "895ebf1f-265b-4bf5-a0a2-870d71427874",
   "metadata": {},
   "outputs": [],
   "source": [
    "dict1 = {\n",
    "    \"name\":['rk','sussu','pk','baba'],\n",
    "    \"marks\":[81,65,72,55],\n",
    "    \"city\":[\"Janjgir\",\"Ambikapur\",\"Durg\",\"Bilaspur\"]\n",
    "}"
   ]
  },
  {
   "cell_type": "code",
   "execution_count": 3,
   "id": "f0cf6744-c016-40ac-81d6-31d968d68c50",
   "metadata": {},
   "outputs": [],
   "source": [
    "df = pd.DataFrame(dict1)"
   ]
  },
  {
   "cell_type": "code",
   "execution_count": 4,
   "id": "ef185358-4457-465c-9035-d77ad1622376",
   "metadata": {},
   "outputs": [
    {
     "data": {
      "text/html": [
       "<div>\n",
       "<style scoped>\n",
       "    .dataframe tbody tr th:only-of-type {\n",
       "        vertical-align: middle;\n",
       "    }\n",
       "\n",
       "    .dataframe tbody tr th {\n",
       "        vertical-align: top;\n",
       "    }\n",
       "\n",
       "    .dataframe thead th {\n",
       "        text-align: right;\n",
       "    }\n",
       "</style>\n",
       "<table border=\"1\" class=\"dataframe\">\n",
       "  <thead>\n",
       "    <tr style=\"text-align: right;\">\n",
       "      <th></th>\n",
       "      <th>name</th>\n",
       "      <th>marks</th>\n",
       "      <th>city</th>\n",
       "    </tr>\n",
       "  </thead>\n",
       "  <tbody>\n",
       "    <tr>\n",
       "      <th>0</th>\n",
       "      <td>rk</td>\n",
       "      <td>81</td>\n",
       "      <td>Janjgir</td>\n",
       "    </tr>\n",
       "    <tr>\n",
       "      <th>1</th>\n",
       "      <td>sussu</td>\n",
       "      <td>65</td>\n",
       "      <td>Ambikapur</td>\n",
       "    </tr>\n",
       "    <tr>\n",
       "      <th>2</th>\n",
       "      <td>pk</td>\n",
       "      <td>72</td>\n",
       "      <td>Durg</td>\n",
       "    </tr>\n",
       "    <tr>\n",
       "      <th>3</th>\n",
       "      <td>baba</td>\n",
       "      <td>55</td>\n",
       "      <td>Bilaspur</td>\n",
       "    </tr>\n",
       "  </tbody>\n",
       "</table>\n",
       "</div>"
      ],
      "text/plain": [
       "    name  marks       city\n",
       "0     rk     81    Janjgir\n",
       "1  sussu     65  Ambikapur\n",
       "2     pk     72       Durg\n",
       "3   baba     55   Bilaspur"
      ]
     },
     "execution_count": 4,
     "metadata": {},
     "output_type": "execute_result"
    }
   ],
   "source": [
    "df"
   ]
  },
  {
   "cell_type": "code",
   "execution_count": 5,
   "id": "04adc5be-b28f-4716-a222-85b5353fb140",
   "metadata": {},
   "outputs": [],
   "source": [
    "df.to_csv('friends.csv')"
   ]
  },
  {
   "cell_type": "code",
   "execution_count": 6,
   "id": "f2614ae8-bfba-45f5-b457-24be816cbf79",
   "metadata": {},
   "outputs": [],
   "source": [
    "df.to_csv('friends_indexFalse.csv', index=False)"
   ]
  },
  {
   "cell_type": "code",
   "execution_count": 7,
   "id": "af9667e1-03f7-4e4c-95e6-7e1aa50f0de7",
   "metadata": {},
   "outputs": [
    {
     "data": {
      "text/html": [
       "<div>\n",
       "<style scoped>\n",
       "    .dataframe tbody tr th:only-of-type {\n",
       "        vertical-align: middle;\n",
       "    }\n",
       "\n",
       "    .dataframe tbody tr th {\n",
       "        vertical-align: top;\n",
       "    }\n",
       "\n",
       "    .dataframe thead th {\n",
       "        text-align: right;\n",
       "    }\n",
       "</style>\n",
       "<table border=\"1\" class=\"dataframe\">\n",
       "  <thead>\n",
       "    <tr style=\"text-align: right;\">\n",
       "      <th></th>\n",
       "      <th>name</th>\n",
       "      <th>marks</th>\n",
       "      <th>city</th>\n",
       "    </tr>\n",
       "  </thead>\n",
       "  <tbody>\n",
       "    <tr>\n",
       "      <th>0</th>\n",
       "      <td>rk</td>\n",
       "      <td>81</td>\n",
       "      <td>Janjgir</td>\n",
       "    </tr>\n",
       "    <tr>\n",
       "      <th>1</th>\n",
       "      <td>sussu</td>\n",
       "      <td>65</td>\n",
       "      <td>Ambikapur</td>\n",
       "    </tr>\n",
       "  </tbody>\n",
       "</table>\n",
       "</div>"
      ],
      "text/plain": [
       "    name  marks       city\n",
       "0     rk     81    Janjgir\n",
       "1  sussu     65  Ambikapur"
      ]
     },
     "execution_count": 7,
     "metadata": {},
     "output_type": "execute_result"
    }
   ],
   "source": [
    "df.head(2)"
   ]
  },
  {
   "cell_type": "code",
   "execution_count": 8,
   "id": "14ec2029-c09f-4b18-af58-b8712f641e69",
   "metadata": {},
   "outputs": [
    {
     "data": {
      "text/html": [
       "<div>\n",
       "<style scoped>\n",
       "    .dataframe tbody tr th:only-of-type {\n",
       "        vertical-align: middle;\n",
       "    }\n",
       "\n",
       "    .dataframe tbody tr th {\n",
       "        vertical-align: top;\n",
       "    }\n",
       "\n",
       "    .dataframe thead th {\n",
       "        text-align: right;\n",
       "    }\n",
       "</style>\n",
       "<table border=\"1\" class=\"dataframe\">\n",
       "  <thead>\n",
       "    <tr style=\"text-align: right;\">\n",
       "      <th></th>\n",
       "      <th>name</th>\n",
       "      <th>marks</th>\n",
       "      <th>city</th>\n",
       "    </tr>\n",
       "  </thead>\n",
       "  <tbody>\n",
       "    <tr>\n",
       "      <th>0</th>\n",
       "      <td>rk</td>\n",
       "      <td>81</td>\n",
       "      <td>Janjgir</td>\n",
       "    </tr>\n",
       "    <tr>\n",
       "      <th>1</th>\n",
       "      <td>sussu</td>\n",
       "      <td>65</td>\n",
       "      <td>Ambikapur</td>\n",
       "    </tr>\n",
       "    <tr>\n",
       "      <th>2</th>\n",
       "      <td>pk</td>\n",
       "      <td>72</td>\n",
       "      <td>Durg</td>\n",
       "    </tr>\n",
       "    <tr>\n",
       "      <th>3</th>\n",
       "      <td>baba</td>\n",
       "      <td>55</td>\n",
       "      <td>Bilaspur</td>\n",
       "    </tr>\n",
       "  </tbody>\n",
       "</table>\n",
       "</div>"
      ],
      "text/plain": [
       "    name  marks       city\n",
       "0     rk     81    Janjgir\n",
       "1  sussu     65  Ambikapur\n",
       "2     pk     72       Durg\n",
       "3   baba     55   Bilaspur"
      ]
     },
     "execution_count": 8,
     "metadata": {},
     "output_type": "execute_result"
    }
   ],
   "source": [
    "df.tail(4)"
   ]
  },
  {
   "cell_type": "code",
   "execution_count": 9,
   "id": "60e75537-08ff-4dac-b771-1e8d9de3ebd3",
   "metadata": {},
   "outputs": [
    {
     "data": {
      "text/plain": [
       "0       rk\n",
       "1    sussu\n",
       "2       pk\n",
       "3     baba\n",
       "Name: name, dtype: object"
      ]
     },
     "execution_count": 9,
     "metadata": {},
     "output_type": "execute_result"
    }
   ],
   "source": [
    "df['name']\n"
   ]
  },
  {
   "cell_type": "code",
   "execution_count": 10,
   "id": "92790dbc-05d4-45dc-8cfe-5ad3cb497f00",
   "metadata": {},
   "outputs": [
    {
     "data": {
      "text/html": [
       "<div>\n",
       "<style scoped>\n",
       "    .dataframe tbody tr th:only-of-type {\n",
       "        vertical-align: middle;\n",
       "    }\n",
       "\n",
       "    .dataframe tbody tr th {\n",
       "        vertical-align: top;\n",
       "    }\n",
       "\n",
       "    .dataframe thead th {\n",
       "        text-align: right;\n",
       "    }\n",
       "</style>\n",
       "<table border=\"1\" class=\"dataframe\">\n",
       "  <thead>\n",
       "    <tr style=\"text-align: right;\">\n",
       "      <th></th>\n",
       "      <th>Unnamed: 0.1</th>\n",
       "      <th>Unnamed: 0</th>\n",
       "      <th>Name</th>\n",
       "      <th>Dept</th>\n",
       "      <th>Sem</th>\n",
       "    </tr>\n",
       "  </thead>\n",
       "  <tbody>\n",
       "    <tr>\n",
       "      <th>0</th>\n",
       "      <td>0</td>\n",
       "      <td>0</td>\n",
       "      <td>rk</td>\n",
       "      <td>cse</td>\n",
       "      <td>5</td>\n",
       "    </tr>\n",
       "    <tr>\n",
       "      <th>1</th>\n",
       "      <td>1</td>\n",
       "      <td>1</td>\n",
       "      <td>ck</td>\n",
       "      <td>civil</td>\n",
       "      <td>5</td>\n",
       "    </tr>\n",
       "    <tr>\n",
       "      <th>2</th>\n",
       "      <td>2</td>\n",
       "      <td>2</td>\n",
       "      <td>aryan</td>\n",
       "      <td>mining</td>\n",
       "      <td>5</td>\n",
       "    </tr>\n",
       "  </tbody>\n",
       "</table>\n",
       "</div>"
      ],
      "text/plain": [
       "   Unnamed: 0.1  Unnamed: 0   Name    Dept  Sem\n",
       "0             0           0     rk     cse    5\n",
       "1             1           1     ck   civil    5\n",
       "2             2           2  aryan  mining    5"
      ]
     },
     "execution_count": 10,
     "metadata": {},
     "output_type": "execute_result"
    }
   ],
   "source": [
    "rk = pd.read_csv('test.csv')\n",
    "rk"
   ]
  },
  {
   "cell_type": "code",
   "execution_count": 11,
   "id": "bf653d95-951f-4779-805d-730644ea762a",
   "metadata": {},
   "outputs": [
    {
     "data": {
      "text/plain": [
       "0       rk\n",
       "1       ck\n",
       "2    aryan\n",
       "Name: Name, dtype: object"
      ]
     },
     "execution_count": 11,
     "metadata": {},
     "output_type": "execute_result"
    }
   ],
   "source": [
    "rk['Name']"
   ]
  },
  {
   "cell_type": "code",
   "execution_count": 12,
   "id": "c7e73369-7cac-4476-b92a-e6db1c75c835",
   "metadata": {},
   "outputs": [
    {
     "name": "stderr",
     "output_type": "stream",
     "text": [
      "/tmp/ipykernel_6853/603807964.py:1: SettingWithCopyWarning: \n",
      "A value is trying to be set on a copy of a slice from a DataFrame\n",
      "\n",
      "See the caveats in the documentation: https://pandas.pydata.org/pandas-docs/stable/user_guide/indexing.html#returning-a-view-versus-a-copy\n",
      "  rk['Name'][3] = 'aryan'\n"
     ]
    }
   ],
   "source": [
    "rk['Name'][3] = 'aryan'"
   ]
  },
  {
   "cell_type": "code",
   "execution_count": 13,
   "id": "c6d5ff23-92c4-4e51-b04e-9db3e2634e21",
   "metadata": {},
   "outputs": [],
   "source": [
    "rk.to_csv('test.csv')"
   ]
  },
  {
   "cell_type": "code",
   "execution_count": 14,
   "id": "81b60852-5c7d-41e7-a4df-a67bb8a633ae",
   "metadata": {},
   "outputs": [
    {
     "data": {
      "text/html": [
       "<div>\n",
       "<style scoped>\n",
       "    .dataframe tbody tr th:only-of-type {\n",
       "        vertical-align: middle;\n",
       "    }\n",
       "\n",
       "    .dataframe tbody tr th {\n",
       "        vertical-align: top;\n",
       "    }\n",
       "\n",
       "    .dataframe thead th {\n",
       "        text-align: right;\n",
       "    }\n",
       "</style>\n",
       "<table border=\"1\" class=\"dataframe\">\n",
       "  <thead>\n",
       "    <tr style=\"text-align: right;\">\n",
       "      <th></th>\n",
       "      <th>Unnamed: 0.1</th>\n",
       "      <th>Unnamed: 0</th>\n",
       "      <th>Name</th>\n",
       "      <th>Dept</th>\n",
       "      <th>Sem</th>\n",
       "    </tr>\n",
       "  </thead>\n",
       "  <tbody>\n",
       "    <tr>\n",
       "      <th>first</th>\n",
       "      <td>0</td>\n",
       "      <td>0</td>\n",
       "      <td>rk</td>\n",
       "      <td>cse</td>\n",
       "      <td>5</td>\n",
       "    </tr>\n",
       "    <tr>\n",
       "      <th>second</th>\n",
       "      <td>1</td>\n",
       "      <td>1</td>\n",
       "      <td>ck</td>\n",
       "      <td>civil</td>\n",
       "      <td>5</td>\n",
       "    </tr>\n",
       "    <tr>\n",
       "      <th>third</th>\n",
       "      <td>2</td>\n",
       "      <td>2</td>\n",
       "      <td>aryan</td>\n",
       "      <td>mining</td>\n",
       "      <td>5</td>\n",
       "    </tr>\n",
       "  </tbody>\n",
       "</table>\n",
       "</div>"
      ],
      "text/plain": [
       "        Unnamed: 0.1  Unnamed: 0   Name    Dept  Sem\n",
       "first              0           0     rk     cse    5\n",
       "second             1           1     ck   civil    5\n",
       "third              2           2  aryan  mining    5"
      ]
     },
     "execution_count": 14,
     "metadata": {},
     "output_type": "execute_result"
    }
   ],
   "source": [
    "rk.index = ['first','second','third']\n",
    "rk"
   ]
  },
  {
   "cell_type": "code",
   "execution_count": 15,
   "id": "30212660-4670-4856-b132-f7e9032368d4",
   "metadata": {},
   "outputs": [
    {
     "data": {
      "text/plain": [
       "0     0.689656\n",
       "1     0.371797\n",
       "2     0.024541\n",
       "3     0.841522\n",
       "4     0.238468\n",
       "5     0.146031\n",
       "6     0.797349\n",
       "7     0.839438\n",
       "8     0.691624\n",
       "9     0.502034\n",
       "10    0.408686\n",
       "11    0.850934\n",
       "12    0.384958\n",
       "13    0.496619\n",
       "14    0.709818\n",
       "15    0.424595\n",
       "16    0.464238\n",
       "17    0.924940\n",
       "18    0.971365\n",
       "19    0.586032\n",
       "20    0.199183\n",
       "21    0.458019\n",
       "22    0.058321\n",
       "23    0.252650\n",
       "24    0.892521\n",
       "25    0.137346\n",
       "26    0.071096\n",
       "27    0.563477\n",
       "28    0.749406\n",
       "29    0.565648\n",
       "dtype: float64"
      ]
     },
     "execution_count": 15,
     "metadata": {},
     "output_type": "execute_result"
    }
   ],
   "source": [
    "ser = pd.Series(np.random.rand(30))\n",
    "ser"
   ]
  },
  {
   "cell_type": "code",
   "execution_count": 16,
   "id": "009a2c31-b626-4f38-aeb7-2bb40af5be8e",
   "metadata": {},
   "outputs": [
    {
     "data": {
      "text/html": [
       "<div>\n",
       "<style scoped>\n",
       "    .dataframe tbody tr th:only-of-type {\n",
       "        vertical-align: middle;\n",
       "    }\n",
       "\n",
       "    .dataframe tbody tr th {\n",
       "        vertical-align: top;\n",
       "    }\n",
       "\n",
       "    .dataframe thead th {\n",
       "        text-align: right;\n",
       "    }\n",
       "</style>\n",
       "<table border=\"1\" class=\"dataframe\">\n",
       "  <thead>\n",
       "    <tr style=\"text-align: right;\">\n",
       "      <th></th>\n",
       "      <th>0</th>\n",
       "      <th>1</th>\n",
       "      <th>2</th>\n",
       "      <th>3</th>\n",
       "      <th>4</th>\n",
       "    </tr>\n",
       "  </thead>\n",
       "  <tbody>\n",
       "    <tr>\n",
       "      <th>0</th>\n",
       "      <td>0.385627</td>\n",
       "      <td>0.112945</td>\n",
       "      <td>0.288672</td>\n",
       "      <td>0.546565</td>\n",
       "      <td>0.030377</td>\n",
       "    </tr>\n",
       "    <tr>\n",
       "      <th>1</th>\n",
       "      <td>0.451826</td>\n",
       "      <td>0.400643</td>\n",
       "      <td>0.681591</td>\n",
       "      <td>0.008636</td>\n",
       "      <td>0.878667</td>\n",
       "    </tr>\n",
       "    <tr>\n",
       "      <th>2</th>\n",
       "      <td>0.799641</td>\n",
       "      <td>0.613373</td>\n",
       "      <td>0.418403</td>\n",
       "      <td>0.556814</td>\n",
       "      <td>0.108159</td>\n",
       "    </tr>\n",
       "    <tr>\n",
       "      <th>3</th>\n",
       "      <td>0.162800</td>\n",
       "      <td>0.016746</td>\n",
       "      <td>0.341568</td>\n",
       "      <td>0.609619</td>\n",
       "      <td>0.007343</td>\n",
       "    </tr>\n",
       "    <tr>\n",
       "      <th>4</th>\n",
       "      <td>0.187702</td>\n",
       "      <td>0.846700</td>\n",
       "      <td>0.224129</td>\n",
       "      <td>0.391108</td>\n",
       "      <td>0.130558</td>\n",
       "    </tr>\n",
       "    <tr>\n",
       "      <th>...</th>\n",
       "      <td>...</td>\n",
       "      <td>...</td>\n",
       "      <td>...</td>\n",
       "      <td>...</td>\n",
       "      <td>...</td>\n",
       "    </tr>\n",
       "    <tr>\n",
       "      <th>329</th>\n",
       "      <td>0.410498</td>\n",
       "      <td>0.078197</td>\n",
       "      <td>0.202956</td>\n",
       "      <td>0.492185</td>\n",
       "      <td>0.881345</td>\n",
       "    </tr>\n",
       "    <tr>\n",
       "      <th>330</th>\n",
       "      <td>0.242678</td>\n",
       "      <td>0.937546</td>\n",
       "      <td>0.991994</td>\n",
       "      <td>0.668012</td>\n",
       "      <td>0.253134</td>\n",
       "    </tr>\n",
       "    <tr>\n",
       "      <th>331</th>\n",
       "      <td>0.413341</td>\n",
       "      <td>0.543118</td>\n",
       "      <td>0.461337</td>\n",
       "      <td>0.127483</td>\n",
       "      <td>0.105215</td>\n",
       "    </tr>\n",
       "    <tr>\n",
       "      <th>332</th>\n",
       "      <td>0.037960</td>\n",
       "      <td>0.567651</td>\n",
       "      <td>0.268056</td>\n",
       "      <td>0.873721</td>\n",
       "      <td>0.246206</td>\n",
       "    </tr>\n",
       "    <tr>\n",
       "      <th>333</th>\n",
       "      <td>0.130497</td>\n",
       "      <td>0.326384</td>\n",
       "      <td>0.593316</td>\n",
       "      <td>0.851679</td>\n",
       "      <td>0.174981</td>\n",
       "    </tr>\n",
       "  </tbody>\n",
       "</table>\n",
       "<p>334 rows × 5 columns</p>\n",
       "</div>"
      ],
      "text/plain": [
       "            0         1         2         3         4\n",
       "0    0.385627  0.112945  0.288672  0.546565  0.030377\n",
       "1    0.451826  0.400643  0.681591  0.008636  0.878667\n",
       "2    0.799641  0.613373  0.418403  0.556814  0.108159\n",
       "3    0.162800  0.016746  0.341568  0.609619  0.007343\n",
       "4    0.187702  0.846700  0.224129  0.391108  0.130558\n",
       "..        ...       ...       ...       ...       ...\n",
       "329  0.410498  0.078197  0.202956  0.492185  0.881345\n",
       "330  0.242678  0.937546  0.991994  0.668012  0.253134\n",
       "331  0.413341  0.543118  0.461337  0.127483  0.105215\n",
       "332  0.037960  0.567651  0.268056  0.873721  0.246206\n",
       "333  0.130497  0.326384  0.593316  0.851679  0.174981\n",
       "\n",
       "[334 rows x 5 columns]"
      ]
     },
     "execution_count": 16,
     "metadata": {},
     "output_type": "execute_result"
    }
   ],
   "source": [
    "newdf = pd.DataFrame(np.random.rand(334,5), index  = np.arange(334))\n",
    "newdf"
   ]
  },
  {
   "cell_type": "code",
   "execution_count": 17,
   "id": "88b295d6-941d-4a55-8fa4-8262a569c9e6",
   "metadata": {},
   "outputs": [
    {
     "data": {
      "text/html": [
       "<div>\n",
       "<style scoped>\n",
       "    .dataframe tbody tr th:only-of-type {\n",
       "        vertical-align: middle;\n",
       "    }\n",
       "\n",
       "    .dataframe tbody tr th {\n",
       "        vertical-align: top;\n",
       "    }\n",
       "\n",
       "    .dataframe thead th {\n",
       "        text-align: right;\n",
       "    }\n",
       "</style>\n",
       "<table border=\"1\" class=\"dataframe\">\n",
       "  <thead>\n",
       "    <tr style=\"text-align: right;\">\n",
       "      <th></th>\n",
       "      <th>0</th>\n",
       "      <th>1</th>\n",
       "      <th>2</th>\n",
       "      <th>3</th>\n",
       "      <th>4</th>\n",
       "    </tr>\n",
       "  </thead>\n",
       "  <tbody>\n",
       "    <tr>\n",
       "      <th>333</th>\n",
       "      <td>0.130497</td>\n",
       "      <td>0.326384</td>\n",
       "      <td>0.593316</td>\n",
       "      <td>0.851679</td>\n",
       "      <td>0.174981</td>\n",
       "    </tr>\n",
       "    <tr>\n",
       "      <th>332</th>\n",
       "      <td>0.037960</td>\n",
       "      <td>0.567651</td>\n",
       "      <td>0.268056</td>\n",
       "      <td>0.873721</td>\n",
       "      <td>0.246206</td>\n",
       "    </tr>\n",
       "    <tr>\n",
       "      <th>331</th>\n",
       "      <td>0.413341</td>\n",
       "      <td>0.543118</td>\n",
       "      <td>0.461337</td>\n",
       "      <td>0.127483</td>\n",
       "      <td>0.105215</td>\n",
       "    </tr>\n",
       "    <tr>\n",
       "      <th>330</th>\n",
       "      <td>0.242678</td>\n",
       "      <td>0.937546</td>\n",
       "      <td>0.991994</td>\n",
       "      <td>0.668012</td>\n",
       "      <td>0.253134</td>\n",
       "    </tr>\n",
       "    <tr>\n",
       "      <th>329</th>\n",
       "      <td>0.410498</td>\n",
       "      <td>0.078197</td>\n",
       "      <td>0.202956</td>\n",
       "      <td>0.492185</td>\n",
       "      <td>0.881345</td>\n",
       "    </tr>\n",
       "    <tr>\n",
       "      <th>...</th>\n",
       "      <td>...</td>\n",
       "      <td>...</td>\n",
       "      <td>...</td>\n",
       "      <td>...</td>\n",
       "      <td>...</td>\n",
       "    </tr>\n",
       "    <tr>\n",
       "      <th>4</th>\n",
       "      <td>0.187702</td>\n",
       "      <td>0.846700</td>\n",
       "      <td>0.224129</td>\n",
       "      <td>0.391108</td>\n",
       "      <td>0.130558</td>\n",
       "    </tr>\n",
       "    <tr>\n",
       "      <th>3</th>\n",
       "      <td>0.162800</td>\n",
       "      <td>0.016746</td>\n",
       "      <td>0.341568</td>\n",
       "      <td>0.609619</td>\n",
       "      <td>0.007343</td>\n",
       "    </tr>\n",
       "    <tr>\n",
       "      <th>2</th>\n",
       "      <td>0.799641</td>\n",
       "      <td>0.613373</td>\n",
       "      <td>0.418403</td>\n",
       "      <td>0.556814</td>\n",
       "      <td>0.108159</td>\n",
       "    </tr>\n",
       "    <tr>\n",
       "      <th>1</th>\n",
       "      <td>0.451826</td>\n",
       "      <td>0.400643</td>\n",
       "      <td>0.681591</td>\n",
       "      <td>0.008636</td>\n",
       "      <td>0.878667</td>\n",
       "    </tr>\n",
       "    <tr>\n",
       "      <th>0</th>\n",
       "      <td>0.385627</td>\n",
       "      <td>0.112945</td>\n",
       "      <td>0.288672</td>\n",
       "      <td>0.546565</td>\n",
       "      <td>0.030377</td>\n",
       "    </tr>\n",
       "  </tbody>\n",
       "</table>\n",
       "<p>334 rows × 5 columns</p>\n",
       "</div>"
      ],
      "text/plain": [
       "            0         1         2         3         4\n",
       "333  0.130497  0.326384  0.593316  0.851679  0.174981\n",
       "332  0.037960  0.567651  0.268056  0.873721  0.246206\n",
       "331  0.413341  0.543118  0.461337  0.127483  0.105215\n",
       "330  0.242678  0.937546  0.991994  0.668012  0.253134\n",
       "329  0.410498  0.078197  0.202956  0.492185  0.881345\n",
       "..        ...       ...       ...       ...       ...\n",
       "4    0.187702  0.846700  0.224129  0.391108  0.130558\n",
       "3    0.162800  0.016746  0.341568  0.609619  0.007343\n",
       "2    0.799641  0.613373  0.418403  0.556814  0.108159\n",
       "1    0.451826  0.400643  0.681591  0.008636  0.878667\n",
       "0    0.385627  0.112945  0.288672  0.546565  0.030377\n",
       "\n",
       "[334 rows x 5 columns]"
      ]
     },
     "execution_count": 17,
     "metadata": {},
     "output_type": "execute_result"
    }
   ],
   "source": [
    "newdf.sort_index(axis = 0,ascending = False)"
   ]
  },
  {
   "cell_type": "code",
   "execution_count": 18,
   "id": "6fec7296-03c9-4968-9a93-2ac44aeecbdc",
   "metadata": {},
   "outputs": [
    {
     "data": {
      "text/html": [
       "<div>\n",
       "<style scoped>\n",
       "    .dataframe tbody tr th:only-of-type {\n",
       "        vertical-align: middle;\n",
       "    }\n",
       "\n",
       "    .dataframe tbody tr th {\n",
       "        vertical-align: top;\n",
       "    }\n",
       "\n",
       "    .dataframe thead th {\n",
       "        text-align: right;\n",
       "    }\n",
       "</style>\n",
       "<table border=\"1\" class=\"dataframe\">\n",
       "  <thead>\n",
       "    <tr style=\"text-align: right;\">\n",
       "      <th></th>\n",
       "      <th>4</th>\n",
       "      <th>3</th>\n",
       "      <th>2</th>\n",
       "      <th>1</th>\n",
       "      <th>0</th>\n",
       "    </tr>\n",
       "  </thead>\n",
       "  <tbody>\n",
       "    <tr>\n",
       "      <th>0</th>\n",
       "      <td>0.030377</td>\n",
       "      <td>0.546565</td>\n",
       "      <td>0.288672</td>\n",
       "      <td>0.112945</td>\n",
       "      <td>0.385627</td>\n",
       "    </tr>\n",
       "    <tr>\n",
       "      <th>1</th>\n",
       "      <td>0.878667</td>\n",
       "      <td>0.008636</td>\n",
       "      <td>0.681591</td>\n",
       "      <td>0.400643</td>\n",
       "      <td>0.451826</td>\n",
       "    </tr>\n",
       "    <tr>\n",
       "      <th>2</th>\n",
       "      <td>0.108159</td>\n",
       "      <td>0.556814</td>\n",
       "      <td>0.418403</td>\n",
       "      <td>0.613373</td>\n",
       "      <td>0.799641</td>\n",
       "    </tr>\n",
       "    <tr>\n",
       "      <th>3</th>\n",
       "      <td>0.007343</td>\n",
       "      <td>0.609619</td>\n",
       "      <td>0.341568</td>\n",
       "      <td>0.016746</td>\n",
       "      <td>0.162800</td>\n",
       "    </tr>\n",
       "    <tr>\n",
       "      <th>4</th>\n",
       "      <td>0.130558</td>\n",
       "      <td>0.391108</td>\n",
       "      <td>0.224129</td>\n",
       "      <td>0.846700</td>\n",
       "      <td>0.187702</td>\n",
       "    </tr>\n",
       "    <tr>\n",
       "      <th>...</th>\n",
       "      <td>...</td>\n",
       "      <td>...</td>\n",
       "      <td>...</td>\n",
       "      <td>...</td>\n",
       "      <td>...</td>\n",
       "    </tr>\n",
       "    <tr>\n",
       "      <th>329</th>\n",
       "      <td>0.881345</td>\n",
       "      <td>0.492185</td>\n",
       "      <td>0.202956</td>\n",
       "      <td>0.078197</td>\n",
       "      <td>0.410498</td>\n",
       "    </tr>\n",
       "    <tr>\n",
       "      <th>330</th>\n",
       "      <td>0.253134</td>\n",
       "      <td>0.668012</td>\n",
       "      <td>0.991994</td>\n",
       "      <td>0.937546</td>\n",
       "      <td>0.242678</td>\n",
       "    </tr>\n",
       "    <tr>\n",
       "      <th>331</th>\n",
       "      <td>0.105215</td>\n",
       "      <td>0.127483</td>\n",
       "      <td>0.461337</td>\n",
       "      <td>0.543118</td>\n",
       "      <td>0.413341</td>\n",
       "    </tr>\n",
       "    <tr>\n",
       "      <th>332</th>\n",
       "      <td>0.246206</td>\n",
       "      <td>0.873721</td>\n",
       "      <td>0.268056</td>\n",
       "      <td>0.567651</td>\n",
       "      <td>0.037960</td>\n",
       "    </tr>\n",
       "    <tr>\n",
       "      <th>333</th>\n",
       "      <td>0.174981</td>\n",
       "      <td>0.851679</td>\n",
       "      <td>0.593316</td>\n",
       "      <td>0.326384</td>\n",
       "      <td>0.130497</td>\n",
       "    </tr>\n",
       "  </tbody>\n",
       "</table>\n",
       "<p>334 rows × 5 columns</p>\n",
       "</div>"
      ],
      "text/plain": [
       "            4         3         2         1         0\n",
       "0    0.030377  0.546565  0.288672  0.112945  0.385627\n",
       "1    0.878667  0.008636  0.681591  0.400643  0.451826\n",
       "2    0.108159  0.556814  0.418403  0.613373  0.799641\n",
       "3    0.007343  0.609619  0.341568  0.016746  0.162800\n",
       "4    0.130558  0.391108  0.224129  0.846700  0.187702\n",
       "..        ...       ...       ...       ...       ...\n",
       "329  0.881345  0.492185  0.202956  0.078197  0.410498\n",
       "330  0.253134  0.668012  0.991994  0.937546  0.242678\n",
       "331  0.105215  0.127483  0.461337  0.543118  0.413341\n",
       "332  0.246206  0.873721  0.268056  0.567651  0.037960\n",
       "333  0.174981  0.851679  0.593316  0.326384  0.130497\n",
       "\n",
       "[334 rows x 5 columns]"
      ]
     },
     "execution_count": 18,
     "metadata": {},
     "output_type": "execute_result"
    }
   ],
   "source": [
    "newdf.sort_index(axis = 1,ascending = False)"
   ]
  },
  {
   "cell_type": "code",
   "execution_count": 19,
   "id": "a6ec2116-a6d9-4a7b-9a0f-f1dfd8f22a4e",
   "metadata": {},
   "outputs": [
    {
     "data": {
      "text/plain": [
       "pandas.core.series.Series"
      ]
     },
     "execution_count": 19,
     "metadata": {},
     "output_type": "execute_result"
    }
   ],
   "source": [
    "type(newdf[0])"
   ]
  },
  {
   "cell_type": "code",
   "execution_count": 20,
   "id": "658a10fd-5f09-47d6-9c2f-0a7490aa74f0",
   "metadata": {},
   "outputs": [
    {
     "data": {
      "text/plain": [
       "pandas.core.frame.DataFrame"
      ]
     },
     "execution_count": 20,
     "metadata": {},
     "output_type": "execute_result"
    }
   ],
   "source": [
    "type(newdf)"
   ]
  },
  {
   "cell_type": "code",
   "execution_count": 21,
   "id": "99be435d-cad5-4e81-b5b5-796e872d1f49",
   "metadata": {},
   "outputs": [
    {
     "data": {
      "text/plain": [
       "pandas.core.frame.DataFrame"
      ]
     },
     "execution_count": 21,
     "metadata": {},
     "output_type": "execute_result"
    }
   ],
   "source": [
    "type(df)"
   ]
  },
  {
   "cell_type": "code",
   "execution_count": 22,
   "id": "22d7fe00-778a-4615-8fa4-c03c56f4e9f9",
   "metadata": {},
   "outputs": [
    {
     "data": {
      "text/plain": [
       "pandas.core.frame.DataFrame"
      ]
     },
     "execution_count": 22,
     "metadata": {},
     "output_type": "execute_result"
    }
   ],
   "source": [
    "type(rk)"
   ]
  },
  {
   "cell_type": "code",
   "execution_count": 23,
   "id": "a1824d8e-c99d-41ec-b922-edb2483e21a5",
   "metadata": {},
   "outputs": [],
   "source": [
    "newdf.columns = list(\"ABCDE\")"
   ]
  },
  {
   "cell_type": "code",
   "execution_count": 24,
   "id": "d30bde43-db39-4d9f-a303-3aa926c9bebf",
   "metadata": {},
   "outputs": [
    {
     "data": {
      "text/html": [
       "<div>\n",
       "<style scoped>\n",
       "    .dataframe tbody tr th:only-of-type {\n",
       "        vertical-align: middle;\n",
       "    }\n",
       "\n",
       "    .dataframe tbody tr th {\n",
       "        vertical-align: top;\n",
       "    }\n",
       "\n",
       "    .dataframe thead th {\n",
       "        text-align: right;\n",
       "    }\n",
       "</style>\n",
       "<table border=\"1\" class=\"dataframe\">\n",
       "  <thead>\n",
       "    <tr style=\"text-align: right;\">\n",
       "      <th></th>\n",
       "      <th>A</th>\n",
       "      <th>B</th>\n",
       "      <th>C</th>\n",
       "      <th>D</th>\n",
       "      <th>E</th>\n",
       "    </tr>\n",
       "  </thead>\n",
       "  <tbody>\n",
       "    <tr>\n",
       "      <th>0</th>\n",
       "      <td>0.385627</td>\n",
       "      <td>0.112945</td>\n",
       "      <td>0.288672</td>\n",
       "      <td>0.546565</td>\n",
       "      <td>0.030377</td>\n",
       "    </tr>\n",
       "    <tr>\n",
       "      <th>1</th>\n",
       "      <td>0.451826</td>\n",
       "      <td>0.400643</td>\n",
       "      <td>0.681591</td>\n",
       "      <td>0.008636</td>\n",
       "      <td>0.878667</td>\n",
       "    </tr>\n",
       "    <tr>\n",
       "      <th>2</th>\n",
       "      <td>0.799641</td>\n",
       "      <td>0.613373</td>\n",
       "      <td>0.418403</td>\n",
       "      <td>0.556814</td>\n",
       "      <td>0.108159</td>\n",
       "    </tr>\n",
       "    <tr>\n",
       "      <th>3</th>\n",
       "      <td>0.162800</td>\n",
       "      <td>0.016746</td>\n",
       "      <td>0.341568</td>\n",
       "      <td>0.609619</td>\n",
       "      <td>0.007343</td>\n",
       "    </tr>\n",
       "    <tr>\n",
       "      <th>4</th>\n",
       "      <td>0.187702</td>\n",
       "      <td>0.846700</td>\n",
       "      <td>0.224129</td>\n",
       "      <td>0.391108</td>\n",
       "      <td>0.130558</td>\n",
       "    </tr>\n",
       "  </tbody>\n",
       "</table>\n",
       "</div>"
      ],
      "text/plain": [
       "          A         B         C         D         E\n",
       "0  0.385627  0.112945  0.288672  0.546565  0.030377\n",
       "1  0.451826  0.400643  0.681591  0.008636  0.878667\n",
       "2  0.799641  0.613373  0.418403  0.556814  0.108159\n",
       "3  0.162800  0.016746  0.341568  0.609619  0.007343\n",
       "4  0.187702  0.846700  0.224129  0.391108  0.130558"
      ]
     },
     "execution_count": 24,
     "metadata": {},
     "output_type": "execute_result"
    }
   ],
   "source": [
    "newdf.head()"
   ]
  },
  {
   "cell_type": "code",
   "execution_count": 25,
   "id": "8f3c7509-4a30-413b-a12a-5b60e0ee673e",
   "metadata": {},
   "outputs": [],
   "source": [
    "newdf.loc[0,0] = 9453"
   ]
  },
  {
   "cell_type": "code",
   "execution_count": 26,
   "id": "fdf1604a-74d7-459e-a0f9-53549276a794",
   "metadata": {},
   "outputs": [
    {
     "data": {
      "text/html": [
       "<div>\n",
       "<style scoped>\n",
       "    .dataframe tbody tr th:only-of-type {\n",
       "        vertical-align: middle;\n",
       "    }\n",
       "\n",
       "    .dataframe tbody tr th {\n",
       "        vertical-align: top;\n",
       "    }\n",
       "\n",
       "    .dataframe thead th {\n",
       "        text-align: right;\n",
       "    }\n",
       "</style>\n",
       "<table border=\"1\" class=\"dataframe\">\n",
       "  <thead>\n",
       "    <tr style=\"text-align: right;\">\n",
       "      <th></th>\n",
       "      <th>A</th>\n",
       "      <th>B</th>\n",
       "      <th>C</th>\n",
       "      <th>D</th>\n",
       "      <th>E</th>\n",
       "      <th>0</th>\n",
       "    </tr>\n",
       "  </thead>\n",
       "  <tbody>\n",
       "    <tr>\n",
       "      <th>0</th>\n",
       "      <td>0.385627</td>\n",
       "      <td>0.112945</td>\n",
       "      <td>0.288672</td>\n",
       "      <td>0.546565</td>\n",
       "      <td>0.030377</td>\n",
       "      <td>9453.0</td>\n",
       "    </tr>\n",
       "    <tr>\n",
       "      <th>1</th>\n",
       "      <td>0.451826</td>\n",
       "      <td>0.400643</td>\n",
       "      <td>0.681591</td>\n",
       "      <td>0.008636</td>\n",
       "      <td>0.878667</td>\n",
       "      <td>NaN</td>\n",
       "    </tr>\n",
       "    <tr>\n",
       "      <th>2</th>\n",
       "      <td>0.799641</td>\n",
       "      <td>0.613373</td>\n",
       "      <td>0.418403</td>\n",
       "      <td>0.556814</td>\n",
       "      <td>0.108159</td>\n",
       "      <td>NaN</td>\n",
       "    </tr>\n",
       "    <tr>\n",
       "      <th>3</th>\n",
       "      <td>0.162800</td>\n",
       "      <td>0.016746</td>\n",
       "      <td>0.341568</td>\n",
       "      <td>0.609619</td>\n",
       "      <td>0.007343</td>\n",
       "      <td>NaN</td>\n",
       "    </tr>\n",
       "    <tr>\n",
       "      <th>4</th>\n",
       "      <td>0.187702</td>\n",
       "      <td>0.846700</td>\n",
       "      <td>0.224129</td>\n",
       "      <td>0.391108</td>\n",
       "      <td>0.130558</td>\n",
       "      <td>NaN</td>\n",
       "    </tr>\n",
       "    <tr>\n",
       "      <th>...</th>\n",
       "      <td>...</td>\n",
       "      <td>...</td>\n",
       "      <td>...</td>\n",
       "      <td>...</td>\n",
       "      <td>...</td>\n",
       "      <td>...</td>\n",
       "    </tr>\n",
       "    <tr>\n",
       "      <th>329</th>\n",
       "      <td>0.410498</td>\n",
       "      <td>0.078197</td>\n",
       "      <td>0.202956</td>\n",
       "      <td>0.492185</td>\n",
       "      <td>0.881345</td>\n",
       "      <td>NaN</td>\n",
       "    </tr>\n",
       "    <tr>\n",
       "      <th>330</th>\n",
       "      <td>0.242678</td>\n",
       "      <td>0.937546</td>\n",
       "      <td>0.991994</td>\n",
       "      <td>0.668012</td>\n",
       "      <td>0.253134</td>\n",
       "      <td>NaN</td>\n",
       "    </tr>\n",
       "    <tr>\n",
       "      <th>331</th>\n",
       "      <td>0.413341</td>\n",
       "      <td>0.543118</td>\n",
       "      <td>0.461337</td>\n",
       "      <td>0.127483</td>\n",
       "      <td>0.105215</td>\n",
       "      <td>NaN</td>\n",
       "    </tr>\n",
       "    <tr>\n",
       "      <th>332</th>\n",
       "      <td>0.037960</td>\n",
       "      <td>0.567651</td>\n",
       "      <td>0.268056</td>\n",
       "      <td>0.873721</td>\n",
       "      <td>0.246206</td>\n",
       "      <td>NaN</td>\n",
       "    </tr>\n",
       "    <tr>\n",
       "      <th>333</th>\n",
       "      <td>0.130497</td>\n",
       "      <td>0.326384</td>\n",
       "      <td>0.593316</td>\n",
       "      <td>0.851679</td>\n",
       "      <td>0.174981</td>\n",
       "      <td>NaN</td>\n",
       "    </tr>\n",
       "  </tbody>\n",
       "</table>\n",
       "<p>334 rows × 6 columns</p>\n",
       "</div>"
      ],
      "text/plain": [
       "            A         B         C         D         E       0\n",
       "0    0.385627  0.112945  0.288672  0.546565  0.030377  9453.0\n",
       "1    0.451826  0.400643  0.681591  0.008636  0.878667     NaN\n",
       "2    0.799641  0.613373  0.418403  0.556814  0.108159     NaN\n",
       "3    0.162800  0.016746  0.341568  0.609619  0.007343     NaN\n",
       "4    0.187702  0.846700  0.224129  0.391108  0.130558     NaN\n",
       "..        ...       ...       ...       ...       ...     ...\n",
       "329  0.410498  0.078197  0.202956  0.492185  0.881345     NaN\n",
       "330  0.242678  0.937546  0.991994  0.668012  0.253134     NaN\n",
       "331  0.413341  0.543118  0.461337  0.127483  0.105215     NaN\n",
       "332  0.037960  0.567651  0.268056  0.873721  0.246206     NaN\n",
       "333  0.130497  0.326384  0.593316  0.851679  0.174981     NaN\n",
       "\n",
       "[334 rows x 6 columns]"
      ]
     },
     "execution_count": 26,
     "metadata": {},
     "output_type": "execute_result"
    }
   ],
   "source": [
    "newdf"
   ]
  },
  {
   "cell_type": "code",
   "execution_count": 27,
   "id": "5e379eab-941c-43dc-882a-557d25f26d21",
   "metadata": {},
   "outputs": [],
   "source": [
    "newdf.loc[0,'A'] = 930928"
   ]
  },
  {
   "cell_type": "code",
   "execution_count": 28,
   "id": "cfa286d4-3351-4287-a21f-5149386e64f8",
   "metadata": {},
   "outputs": [
    {
     "data": {
      "text/html": [
       "<div>\n",
       "<style scoped>\n",
       "    .dataframe tbody tr th:only-of-type {\n",
       "        vertical-align: middle;\n",
       "    }\n",
       "\n",
       "    .dataframe tbody tr th {\n",
       "        vertical-align: top;\n",
       "    }\n",
       "\n",
       "    .dataframe thead th {\n",
       "        text-align: right;\n",
       "    }\n",
       "</style>\n",
       "<table border=\"1\" class=\"dataframe\">\n",
       "  <thead>\n",
       "    <tr style=\"text-align: right;\">\n",
       "      <th></th>\n",
       "      <th>A</th>\n",
       "      <th>B</th>\n",
       "      <th>C</th>\n",
       "      <th>D</th>\n",
       "      <th>E</th>\n",
       "      <th>0</th>\n",
       "    </tr>\n",
       "  </thead>\n",
       "  <tbody>\n",
       "    <tr>\n",
       "      <th>0</th>\n",
